 --------------------------------------------------------------------------------------------------------------------------------------- 
|   Log file for  'avsnr'. This file is generated during first encoding session, new sessions will be appended                           |
 --------------------------------------------------------------------------------------------------------------------------------------- 
|SNR a0|SNR a1|SNR a2|SNR a3|Bit a0|Bit a1|Bit a2|Bit a3|SNR b0|SNR b1|SNR b2|SNR b3|Bit b0|Bit b1|Bit b2|Bit b3|   Mode      | Output  |
 --------------------------------------------------------------------------------------------------------------------------------------- 
|  0.00|  0.00|  0.00|  0.00|  0.00|  0.00|  0.00|  0.00|  0.00|  0.00|  0.00|  0.00|  0.00|  0.00|  0.00|  0.00|  DSNR mode  |  -nan dB|
|  0.00|  0.00|  0.00|  0.00|  0.00|  0.00|  0.00|  0.00|  0.00|  0.00|  0.00|  0.00|  0.00|  0.00|  0.00|  0.00| Percent mode|    -nan %|
|  0.00|  0.00|  0.00|  0.00|  0.00|  0.00|  0.00|  0.00|  0.00|  0.00|  0.00|  0.00|  0.00|  0.00|  0.00|  0.00|  DSNR mode  |  -nan dB|
|  0.00|  0.00|  0.00|  0.00|  0.00|  0.00|  0.00|  0.00|  0.00|  0.00|  0.00|  0.00|  0.00|  0.00|  0.00|  0.00| Percent mode|    -nan %|
| 35.22| 38.53| 41.70| 44.63|1465.00|2381.00|3818.00|5939.00| 35.30| 38.62| 41.76| 44.63|1466.00|2382.00|3819.00|5940.00|  DSNR mode  | 0.065 dB|
| 35.22| 38.53| 41.70| 44.63|1465.00|2381.00|3818.00|5939.00| 35.30| 38.62| 41.76| 44.63|1466.00|2382.00|3819.00|5940.00| Percent mode|   -0.96 %|
| 35.22| 38.53| 41.70| 44.63|1465.00|2381.00|3818.00|5939.00| 35.30|  9.65| 13.42|  9.75|3457.00|6624.00|3182.00|3604.00|  DSNR mode  |-16.941 dB|
| 35.22| 38.53| 41.70| 44.63|1465.00|2381.00|3818.00|5939.00| 35.30|  9.65| 13.42|  9.75|3457.00|6624.00|3182.00|3604.00| Percent mode|938655230308063856249177899008.00 %|
| 35.22| 38.53| 41.70| 44.63|1465.00|2381.00|3818.00|5939.00| 35.30| 38.62| 41.76| 44.63|1466.00|2382.00|3819.00|5940.00|  DSNR mode  | 0.065 dB|
| 35.22| 38.53| 41.70| 44.63|1465.00|2381.00|3818.00|5939.00| 35.30| 38.62| 41.76| 44.63|1466.00|2382.00|3819.00|5940.00| Percent mode|   -0.96 %|
| 35.22| 38.53| 41.70| 44.63|1465.00|2381.00|3818.00|5939.00| 44.63| 44.63| 44.63| 44.63| 44.63| 44.63| 44.63| 44.63|  DSNR mode  |  -nan dB|
| 35.22| 38.53| 41.70| 44.63|1465.00|2381.00|3818.00|5939.00| 44.63| 44.63| 44.63| 44.63| 44.63| 44.63| 44.63| 44.63| Percent mode|    -nan %|
| 35.22| 38.53| 41.70| 44.63|1465.00|2381.00|3818.00|5939.00| 44.63| 44.63| 44.63| 44.63| 44.63| 44.63| 44.63| 44.63|  DSNR mode  |  -nan dB|
| 35.22| 38.53| 41.70| 44.63|1465.00|2381.00|3818.00|5939.00| 44.63| 44.63| 44.63| 44.63| 44.63| 44.63| 44.63| 44.63| Percent mode|    -nan %|
| 35.22| 38.53| 41.70| 44.63|1465.00|2381.00|3818.00|5939.00| 44.63| 44.63| 44.63| 44.63| 44.63| 44.63| 44.63| 44.63|  DSNR mode  |  -nan dB|
| 35.22| 38.53| 41.70| 44.63|1465.00|2381.00|3818.00|5939.00| 44.63| 44.63| 44.63| 44.63| 44.63| 44.63| 44.63| 44.63| Percent mode|    -nan %|
| 35.22| 38.53| 41.70| 44.63|1465.00|2381.00|3818.00|5939.00| 35.23| 38.53| 41.71| 44.63|1466.00|2382.00|3819.00|5940.00|  DSNR mode  | 0.002 dB|
| 35.22| 38.53| 41.70| 44.63|1465.00|2381.00|3818.00|5939.00| 35.23| 38.53| 41.71| 44.63|1466.00|2382.00|3819.00|5940.00| Percent mode|   -0.03 %|
| 35.22| 38.53| 41.70| 44.63|1465.00|2381.00|3818.00|5939.00| 35.23| 38.53| 41.71| 44.63|1466.00|2382.00|3819.00|5940.00|  DSNR mode  | 0.002 dB|
| 35.22| 38.53| 41.70| 44.63|1465.00|2381.00|3818.00|5939.00| 35.23| 38.53| 41.71| 44.63|1466.00|2382.00|3819.00|5940.00| Percent mode|   -0.03 %|
| 35.22| 38.53| 41.70| 44.63|1465.00|2381.00|3818.00|5939.00| 35.23| 38.53| 41.71| 44.63|1466.00|2382.00|3819.00|5940.00|  DSNR mode  | 0.002 dB|
| 35.22| 38.53| 41.70| 44.63|1465.00|2381.00|3818.00|5939.00| 35.23| 38.53| 41.71| 44.63|1466.00|2382.00|3819.00|5940.00| Percent mode|   -0.03 %|
| 35.22| 38.53| 41.70| 44.63|1465.00|2381.00|3818.00|5939.00| 35.23| 38.53| 41.71| 44.63|1466.00|2382.00|3819.00|5940.00|  DSNR mode  | 0.002 dB|
| 35.22| 38.53| 41.70| 44.63|1465.00|2381.00|3818.00|5939.00| 35.23| 38.53| 41.71| 44.63|1466.00|2382.00|3819.00|5940.00| Percent mode|   -0.03 %|
| 35.22| 38.53| 41.70| 44.63|1465.00|2381.00|3818.00|5939.00| 35.23| 38.53| 41.71| 44.63|1466.00|2382.00|3819.00|5940.00|  DSNR mode  | 0.002 dB|
| 35.22| 38.53| 41.70| 44.63|1465.00|2381.00|3818.00|5939.00| 35.23| 38.53| 41.71| 44.63|1466.00|2382.00|3819.00|5940.00| Percent mode|   -0.03 %|
| 35.22| 38.53| 41.70| 44.63|1465.00|2381.00|3818.00|5939.00| 35.31| 38.62| 41.75| 44.63|1467.00|2383.00|3819.00|5940.00|  DSNR mode  | 0.061 dB|
| 35.22| 38.53| 41.70| 44.63|1465.00|2381.00|3818.00|5939.00| 35.31| 38.62| 41.75| 44.63|1467.00|2383.00|3819.00|5940.00| Percent mode|   -0.91 %|
| 35.22| 38.53| 41.70| 44.63|1465.00|2381.00|3818.00|5939.00| 35.31| 38.62| 41.75| 44.63|1467.00|3819.00|5940.00|5940.00|  DSNR mode  |  -nan dB|
| 35.22| 38.53| 41.70| 44.63|1465.00|2381.00|3818.00|5939.00| 35.31| 38.62| 41.75| 44.63|1467.00|3819.00|5940.00|5940.00| Percent mode|   39.77 %|
| 35.22| 38.53| 41.70| 44.63|1465.00|2381.00|3818.00|5939.00| 35.31| 38.62| 41.75| 44.63|1467.00|2383.00|3819.00|5940.00|  DSNR mode  | 0.061 dB|
| 35.22| 38.53| 41.70| 44.63|1465.00|2381.00|3818.00|5939.00| 35.31| 38.62| 41.75| 44.63|1467.00|2383.00|3819.00|5940.00| Percent mode|   -0.91 %|
| 33.16| 36.41| 39.81| 42.80|1945.00|3456.00|5808.00|9189.00| 33.27| 36.51| 39.86| 42.80|1947.00|3458.00|5809.00|9190.00|  DSNR mode  | 0.071 dB|
| 33.16| 36.41| 39.81| 42.80|1945.00|3456.00|5808.00|9189.00| 33.27| 36.51| 39.86| 42.80|1947.00|3458.00|5809.00|9190.00| Percent mode|   -1.13 %|
| 30.07| 33.26| 37.14| 41.51|3059.00|6616.00|12428.00|20050.00| 30.10| 33.29| 37.17| 41.51|3061.00|6617.00|12429.00|20051.00|  DSNR mode  | 0.026 dB|
| 30.07| 33.26| 37.14| 41.51|3059.00|6616.00|12428.00|20050.00| 30.10| 33.29| 37.17| 41.51|3061.00|6617.00|12429.00|20051.00| Percent mode|   -0.44 %|
| 31.69| 34.92| 38.38| 42.30|3151.00|5389.00|9001.00|14650.00| 31.74| 34.96| 38.41| 42.30|3153.00|5390.00|9002.00|14651.00|  DSNR mode  | 0.032 dB|
| 31.69| 34.92| 38.38| 42.30|3151.00|5389.00|9001.00|14650.00| 31.74| 34.96| 38.41| 42.30|3153.00|5390.00|9002.00|14651.00| Percent mode|   -0.46 %|
| 32.92| 35.78| 38.97| 42.46|1710.00|3171.00|5943.00|10679.00| 33.07| 35.90| 39.05| 42.48|1712.00|3173.00|5944.00|10680.00|  DSNR mode  | 0.095 dB|
| 32.92| 35.78| 38.97| 42.46|1710.00|3171.00|5943.00|10679.00| 33.07| 35.90| 39.05| 42.48|1712.00|3173.00|5944.00|10680.00| Percent mode|   -1.81 %|
| 33.56| 36.79| 39.59| 42.54|2283.00|3580.00|5531.00|9301.00| 33.67| 36.86| 39.63| 42.54|2285.00|3581.00|5532.00|9302.00|  DSNR mode  | 0.051 dB|
| 33.56| 36.79| 39.59| 42.54|2283.00|3580.00|5531.00|9301.00| 33.67| 36.86| 39.63| 42.54|2285.00|3581.00|5532.00|9302.00| Percent mode|   -0.80 %|
| 28.44| 32.68| 37.14| 41.71|9139.00|14697.00|21643.00|29730.00| 28.54| 32.76| 37.17| 41.71|9141.00|14698.00|21644.00|29731.00|  DSNR mode  | 0.060 dB|
| 28.44| 32.68| 37.14| 41.71|9139.00|14697.00|21643.00|29730.00| 28.54| 32.76| 37.17| 41.71|9141.00|14698.00|21644.00|29731.00| Percent mode|   -0.52 %|
| 34.51| 37.61| 40.84| 44.11|1200.00|2273.00|4073.00|6868.00| 34.59| 37.69| 40.88| 44.14|1202.00|2275.00|4074.00|6869.00|  DSNR mode  | 0.058 dB|
| 34.51| 37.61| 40.84| 44.11|1200.00|2273.00|4073.00|6868.00| 34.59| 37.69| 40.88| 44.14|1202.00|2275.00|4074.00|6869.00| Percent mode|   -1.03 %|
| 33.02| 36.55| 40.14| 43.63|2716.00|4348.00|6740.00|10098.00| 33.17| 36.66| 40.20| 43.63|2718.00|4350.00|6741.00|10099.00|  DSNR mode  | 0.083 dB|
| 33.02| 36.55| 40.14| 43.63|2716.00|4348.00|6740.00|10098.00| 33.17| 36.66| 40.20| 43.63|2718.00|4350.00|6741.00|10099.00| Percent mode|   -1.02 %|
| 31.16| 34.02| 37.44| 41.63|2283.00|4843.00|9524.00|17012.00| 31.21| 34.07| 37.49| 41.63|2285.00|4845.00|9525.00|17013.00|  DSNR mode  | 0.043 dB|
| 31.16| 34.02| 37.44| 41.63|2283.00|4843.00|9524.00|17012.00| 31.21| 34.07| 37.49| 41.63|2285.00|4845.00|9525.00|17013.00| Percent mode|   -0.85 %|
| 29.27| 33.19| 37.41| 41.81|5779.00|10346.00|16567.00|24202.00| 29.34| 33.24| 37.45| 41.81|5781.00|10347.00|16568.00|24203.00|  DSNR mode  | 0.044 dB|
| 29.27| 33.19| 37.41| 41.81|5779.00|10346.00|16567.00|24202.00| 29.34| 33.24| 37.45| 41.81|5781.00|10347.00|16568.00|24203.00| Percent mode|   -0.51 %|
| 30.13| 33.52| 37.46| 41.69|3090.00|6648.00|12031.00|18991.00| 30.16| 33.57| 37.49| 41.70|3091.00|6650.00|12032.00|18992.00|  DSNR mode  | 0.037 dB|
| 30.13| 33.52| 37.46| 41.69|3090.00|6648.00|12031.00|18991.00| 30.16| 33.57| 37.49| 41.70|3091.00|6650.00|12032.00|18992.00| Percent mode|   -0.54 %|
| 35.22| 38.53| 41.70| 44.63|1465.00|2381.00|3818.00|5939.00| 35.32| 38.64| 41.76| 44.64|1467.00|2383.00|3819.00|5940.00|  DSNR mode  | 0.075 dB|
| 35.22| 38.53| 41.70| 44.63|1465.00|2381.00|3818.00|5939.00| 35.32| 38.64| 41.76| 44.64|1467.00|2383.00|3819.00|5940.00| Percent mode|   -1.11 %|
| 33.16| 36.41| 39.81| 42.80|1945.00|3456.00|5808.00|9189.00| 33.28| 36.51| 39.87| 42.80|1947.00|3458.00|5809.00|9190.00|  DSNR mode  | 0.076 dB|
| 33.16| 36.41| 39.81| 42.80|1945.00|3456.00|5808.00|9189.00| 33.28| 36.51| 39.87| 42.80|1947.00|3458.00|5809.00|9190.00| Percent mode|   -1.21 %|
| 30.07| 33.26| 37.14| 41.51|3059.00|6616.00|12428.00|20050.00| 30.10| 33.29| 37.17| 41.51|3061.00|6618.00|12429.00|20051.00|  DSNR mode  | 0.025 dB|
| 30.07| 33.26| 37.14| 41.51|3059.00|6616.00|12428.00|20050.00| 30.10| 33.29| 37.17| 41.51|3061.00|6618.00|12429.00|20051.00| Percent mode|   -0.43 %|
| 31.69| 34.92| 38.38| 42.30|3151.00|5389.00|9001.00|14650.00| 31.76| 34.97| 38.41| 42.30|3153.00|5390.00|9002.00|14651.00|  DSNR mode  | 0.038 dB|
| 31.69| 34.92| 38.38| 42.30|3151.00|5389.00|9001.00|14650.00| 31.76| 34.97| 38.41| 42.30|3153.00|5390.00|9002.00|14651.00| Percent mode|   -0.55 %|
| 32.92| 35.78| 38.97| 42.46|1710.00|3171.00|5943.00|10679.00| 33.08| 35.92| 39.05| 42.48|1712.00|3173.00|5944.00|10680.00|  DSNR mode  | 0.104 dB|
| 32.92| 35.78| 38.97| 42.46|1710.00|3171.00|5943.00|10679.00| 33.08| 35.92| 39.05| 42.48|1712.00|3173.00|5944.00|10680.00| Percent mode|   -1.97 %|
| 33.56| 36.79| 39.59| 42.54|2283.00|3580.00|5531.00|9301.00| 33.68| 36.86| 39.63| 42.54|2285.00|3582.00|5532.00|9302.00|  DSNR mode  | 0.052 dB|
| 33.56| 36.79| 39.59| 42.54|2283.00|3580.00|5531.00|9301.00| 33.68| 36.86| 39.63| 42.54|2285.00|3582.00|5532.00|9302.00| Percent mode|   -0.80 %|
| 28.44| 32.68| 37.14| 41.71|9139.00|14697.00|21643.00|29730.00| 28.56| 32.77| 37.18| 41.71|9141.00|14698.00|21644.00|29731.00|  DSNR mode  | 0.070 dB|
| 28.44| 32.68| 37.14| 41.71|9139.00|14697.00|21643.00|29730.00| 28.56| 32.77| 37.18| 41.71|9141.00|14698.00|21644.00|29731.00| Percent mode|   -0.61 %|
| 34.51| 37.61| 40.84| 44.11|1200.00|2273.00|4073.00|6868.00| 34.62| 37.71| 40.89| 44.14|1202.00|2275.00|4074.00|6869.00|  DSNR mode  | 0.073 dB|
| 34.51| 37.61| 40.84| 44.11|1200.00|2273.00|4073.00|6868.00| 34.62| 37.71| 40.89| 44.14|1202.00|2275.00|4074.00|6869.00| Percent mode|   -1.31 %|
| 33.02| 36.55| 40.14| 43.63|2716.00|4348.00|6740.00|10098.00| 33.17| 36.69| 40.22| 43.63|2718.00|4350.00|6741.00|10099.00|  DSNR mode  | 0.102 dB|
| 33.02| 36.55| 40.14| 43.63|2716.00|4348.00|6740.00|10098.00| 33.17| 36.69| 40.22| 43.63|2718.00|4350.00|6741.00|10099.00| Percent mode|   -1.25 %|
| 31.16| 34.02| 37.44| 41.63|2283.00|4843.00|9524.00|17012.00| 31.21| 34.08| 37.49| 41.63|2285.00|4845.00|9525.00|17013.00|  DSNR mode  | 0.047 dB|
| 31.16| 34.02| 37.44| 41.63|2283.00|4843.00|9524.00|17012.00| 31.21| 34.08| 37.49| 41.63|2285.00|4845.00|9525.00|17013.00| Percent mode|   -0.91 %|
| 29.27| 33.19| 37.41| 41.81|5779.00|10346.00|16567.00|24202.00| 29.34| 33.25| 37.46| 41.81|5781.00|10347.00|16568.00|24203.00|  DSNR mode  | 0.051 dB|
| 29.27| 33.19| 37.41| 41.81|5779.00|10346.00|16567.00|24202.00| 29.34| 33.25| 37.46| 41.81|5781.00|10347.00|16568.00|24203.00| Percent mode|   -0.59 %|
| 30.13| 33.52| 37.46| 41.69|3090.00|6648.00|12031.00|18991.00| 30.16| 33.57| 37.50| 41.70|3091.00|6650.00|12032.00|18992.00|  DSNR mode  | 0.039 dB|
| 30.13| 33.52| 37.46| 41.69|3090.00|6648.00|12031.00|18991.00| 30.16| 33.57| 37.50| 41.70|3091.00|6650.00|12032.00|18992.00| Percent mode|   -0.60 %|
| 35.22| 38.53| 41.70| 44.63|1465.00|2381.00|3818.00|5939.00| 35.31| 38.62| 41.75| 44.63|1467.00|2383.00|3819.00|5940.00|  DSNR mode  | 0.061 dB|
| 35.22| 38.53| 41.70| 44.63|1465.00|2381.00|3818.00|5939.00| 35.31| 38.62| 41.75| 44.63|1467.00|2383.00|3819.00|5940.00| Percent mode|   -0.91 %|
| 33.16| 36.41| 39.81| 42.80|1945.00|3456.00|5808.00|9189.00| 33.27| 36.51| 39.86| 42.80|1947.00|3458.00|5809.00|9190.00|  DSNR mode  | 0.071 dB|
| 33.16| 36.41| 39.81| 42.80|1945.00|3456.00|5808.00|9189.00| 33.27| 36.51| 39.86| 42.80|1947.00|3458.00|5809.00|9190.00| Percent mode|   -1.13 %|
| 30.07| 33.26| 37.14| 41.51|3059.00|6616.00|12428.00|20050.00| 30.10| 33.29| 37.17| 41.51|3061.00|6617.00|12429.00|20051.00|  DSNR mode  | 0.026 dB|
| 30.07| 33.26| 37.14| 41.51|3059.00|6616.00|12428.00|20050.00| 30.10| 33.29| 37.17| 41.51|3061.00|6617.00|12429.00|20051.00| Percent mode|   -0.44 %|
| 31.69| 34.92| 38.38| 42.30|3151.00|5389.00|9001.00|14650.00| 31.74| 34.96| 38.41| 42.30|3153.00|5390.00|9002.00|14651.00|  DSNR mode  | 0.032 dB|
| 31.69| 34.92| 38.38| 42.30|3151.00|5389.00|9001.00|14650.00| 31.74| 34.96| 38.41| 42.30|3153.00|5390.00|9002.00|14651.00| Percent mode|   -0.46 %|
| 32.92| 35.78| 38.97| 42.46|1710.00|3171.00|5943.00|10679.00| 33.07| 35.90| 39.05| 42.48|1712.00|3173.00|5944.00|10680.00|  DSNR mode  | 0.095 dB|
| 32.92| 35.78| 38.97| 42.46|1710.00|3171.00|5943.00|10679.00| 33.07| 35.90| 39.05| 42.48|1712.00|3173.00|5944.00|10680.00| Percent mode|   -1.81 %|
| 33.56| 36.79| 39.59| 42.54|2283.00|3580.00|5531.00|9301.00| 33.67| 36.86| 39.63| 42.54|2285.00|3581.00|5532.00|9302.00|  DSNR mode  | 0.051 dB|
| 33.56| 36.79| 39.59| 42.54|2283.00|3580.00|5531.00|9301.00| 33.67| 36.86| 39.63| 42.54|2285.00|3581.00|5532.00|9302.00| Percent mode|   -0.80 %|
| 28.44| 32.68| 37.14| 41.71|9139.00|14697.00|21643.00|29730.00| 28.54| 32.76| 37.17| 41.71|9141.00|14698.00|21644.00|29731.00|  DSNR mode  | 0.060 dB|
| 28.44| 32.68| 37.14| 41.71|9139.00|14697.00|21643.00|29730.00| 28.54| 32.76| 37.17| 41.71|9141.00|14698.00|21644.00|29731.00| Percent mode|   -0.52 %|
| 34.51| 37.61| 40.84| 44.11|1200.00|2273.00|4073.00|6868.00| 34.59| 37.69| 40.88| 44.14|1202.00|2275.00|4074.00|6869.00|  DSNR mode  | 0.058 dB|
| 34.51| 37.61| 40.84| 44.11|1200.00|2273.00|4073.00|6868.00| 34.59| 37.69| 40.88| 44.14|1202.00|2275.00|4074.00|6869.00| Percent mode|   -1.03 %|
| 33.02| 36.55| 40.14| 43.63|2716.00|4348.00|6740.00|10098.00| 33.17| 36.66| 40.20| 43.63|2718.00|4350.00|6741.00|10099.00|  DSNR mode  | 0.083 dB|
| 33.02| 36.55| 40.14| 43.63|2716.00|4348.00|6740.00|10098.00| 33.17| 36.66| 40.20| 43.63|2718.00|4350.00|6741.00|10099.00| Percent mode|   -1.02 %|
| 31.16| 34.02| 37.44| 41.63|2283.00|4843.00|9524.00|17012.00| 31.21| 34.07| 37.49| 41.63|2285.00|4845.00|9525.00|17013.00|  DSNR mode  | 0.043 dB|
| 31.16| 34.02| 37.44| 41.63|2283.00|4843.00|9524.00|17012.00| 31.21| 34.07| 37.49| 41.63|2285.00|4845.00|9525.00|17013.00| Percent mode|   -0.85 %|
| 29.27| 33.19| 37.41| 41.81|5779.00|10346.00|16567.00|24202.00| 29.34| 33.24| 37.45| 41.81|5781.00|10347.00|16568.00|24203.00|  DSNR mode  | 0.044 dB|
| 29.27| 33.19| 37.41| 41.81|5779.00|10346.00|16567.00|24202.00| 29.34| 33.24| 37.45| 41.81|5781.00|10347.00|16568.00|24203.00| Percent mode|   -0.51 %|
| 30.13| 33.52| 37.46| 41.69|3090.00|6648.00|12031.00|18991.00| 30.16| 33.57| 37.49| 41.70|3091.00|6650.00|12032.00|18992.00|  DSNR mode  | 0.037 dB|
| 30.13| 33.52| 37.46| 41.69|3090.00|6648.00|12031.00|18991.00| 30.16| 33.57| 37.49| 41.70|3091.00|6650.00|12032.00|18992.00| Percent mode|   -0.54 %|
| 35.22| 38.53| 41.70| 44.63|1465.00|2381.00|3818.00|5939.00| 35.31| 38.62| 41.75| 44.63|1467.00|2383.00|3819.00|5940.00|  DSNR mode  | 0.061 dB|
| 35.22| 38.53| 41.70| 44.63|1465.00|2381.00|3818.00|5939.00| 35.31| 38.62| 41.75| 44.63|1467.00|2383.00|3819.00|5940.00| Percent mode|   -0.91 %|
| 35.22| 38.53| 41.70| 44.63|1465.00|2381.00|3818.00|5939.00| 35.31| 38.62| 41.75| 44.63|1467.00|2383.00|3819.00|5940.00|  DSNR mode  | 0.061 dB|
| 35.22| 38.53| 41.70| 44.63|1465.00|2381.00|3818.00|5939.00| 35.31| 38.62| 41.75| 44.63|1467.00|2383.00|3819.00|5940.00| Percent mode|   -0.91 %|
| 33.16| 36.41| 39.81| 42.80|1945.00|3456.00|5808.00|9189.00| 33.27| 36.51| 39.86| 42.80|1947.00|3458.00|5809.00|9190.00|  DSNR mode  | 0.071 dB|
| 33.16| 36.41| 39.81| 42.80|1945.00|3456.00|5808.00|9189.00| 33.27| 36.51| 39.86| 42.80|1947.00|3458.00|5809.00|9190.00| Percent mode|   -1.13 %|
| 30.07| 33.26| 37.14| 41.51|3059.00|6616.00|12428.00|20050.00| 30.10| 33.29| 37.17| 41.51|3061.00|6617.00|12429.00|20051.00|  DSNR mode  | 0.026 dB|
| 30.07| 33.26| 37.14| 41.51|3059.00|6616.00|12428.00|20050.00| 30.10| 33.29| 37.17| 41.51|3061.00|6617.00|12429.00|20051.00| Percent mode|   -0.44 %|
| 31.69| 34.92| 38.38| 42.30|3151.00|5389.00|9001.00|14650.00| 31.74| 34.96| 38.41| 42.30|3153.00|5390.00|9002.00|14651.00|  DSNR mode  | 0.032 dB|
| 31.69| 34.92| 38.38| 42.30|3151.00|5389.00|9001.00|14650.00| 31.74| 34.96| 38.41| 42.30|3153.00|5390.00|9002.00|14651.00| Percent mode|   -0.46 %|
| 32.92| 35.78| 38.97| 42.46|1710.00|3171.00|5943.00|10679.00| 33.07| 35.90| 39.05| 42.48|1712.00|3173.00|5944.00|10680.00|  DSNR mode  | 0.095 dB|
| 32.92| 35.78| 38.97| 42.46|1710.00|3171.00|5943.00|10679.00| 33.07| 35.90| 39.05| 42.48|1712.00|3173.00|5944.00|10680.00| Percent mode|   -1.81 %|
| 33.56| 36.79| 39.59| 42.54|2283.00|3580.00|5531.00|9301.00| 33.67| 36.86| 39.63| 42.54|2285.00|3581.00|5532.00|9302.00|  DSNR mode  | 0.051 dB|
| 33.56| 36.79| 39.59| 42.54|2283.00|3580.00|5531.00|9301.00| 33.67| 36.86| 39.63| 42.54|2285.00|3581.00|5532.00|9302.00| Percent mode|   -0.80 %|
| 28.44| 32.68| 37.14| 41.71|9139.00|14697.00|21643.00|29730.00| 28.54| 32.76| 37.17| 41.71|9141.00|14698.00|21644.00|29731.00|  DSNR mode  | 0.060 dB|
| 28.44| 32.68| 37.14| 41.71|9139.00|14697.00|21643.00|29730.00| 28.54| 32.76| 37.17| 41.71|9141.00|14698.00|21644.00|29731.00| Percent mode|   -0.52 %|
| 34.51| 37.61| 40.84| 44.11|1200.00|2273.00|4073.00|6868.00| 34.59| 37.69| 40.88| 44.14|1202.00|2275.00|4074.00|6869.00|  DSNR mode  | 0.058 dB|
| 34.51| 37.61| 40.84| 44.11|1200.00|2273.00|4073.00|6868.00| 34.59| 37.69| 40.88| 44.14|1202.00|2275.00|4074.00|6869.00| Percent mode|   -1.03 %|
| 33.02| 36.55| 40.14| 43.63|2716.00|4348.00|6740.00|10098.00| 33.17| 36.66| 40.20| 43.63|2718.00|4350.00|6741.00|10099.00|  DSNR mode  | 0.083 dB|
| 33.02| 36.55| 40.14| 43.63|2716.00|4348.00|6740.00|10098.00| 33.17| 36.66| 40.20| 43.63|2718.00|4350.00|6741.00|10099.00| Percent mode|   -1.02 %|
| 31.16| 34.02| 37.44| 41.63|2283.00|4843.00|9524.00|17012.00| 31.21| 34.07| 37.49| 41.63|2285.00|4845.00|9525.00|17013.00|  DSNR mode  | 0.043 dB|
| 31.16| 34.02| 37.44| 41.63|2283.00|4843.00|9524.00|17012.00| 31.21| 34.07| 37.49| 41.63|2285.00|4845.00|9525.00|17013.00| Percent mode|   -0.85 %|
| 29.27| 33.19| 37.41| 41.81|5779.00|10346.00|16567.00|24202.00| 29.34| 33.24| 37.45| 41.81|5781.00|10347.00|16568.00|24203.00|  DSNR mode  | 0.044 dB|
| 29.27| 33.19| 37.41| 41.81|5779.00|10346.00|16567.00|24202.00| 29.34| 33.24| 37.45| 41.81|5781.00|10347.00|16568.00|24203.00| Percent mode|   -0.51 %|
| 30.13| 33.52| 37.46| 41.69|3090.00|6648.00|12031.00|18991.00| 30.16| 33.57| 37.49| 41.70|3091.00|6650.00|12032.00|18992.00|  DSNR mode  | 0.037 dB|
| 30.13| 33.52| 37.46| 41.69|3090.00|6648.00|12031.00|18991.00| 30.16| 33.57| 37.49| 41.70|3091.00|6650.00|12032.00|18992.00| Percent mode|   -0.54 %|
| 28.53| 32.42| 36.72| 41.32|144082.00|257102.00|409190.00|595364.00| 28.53| 32.43| 36.72| 41.32|144084.00|257103.00|409191.00|595365.00|  DSNR mode  | 0.005 dB|
| 28.53| 32.42| 36.72| 41.32|144082.00|257102.00|409190.00|595364.00| 28.53| 32.43| 36.72| 41.32|144084.00|257103.00|409191.00|595365.00| Percent mode|   -0.04 %|
| 29.42| 32.85| 36.92| 41.33|61740.00|146829.00|278092.00|443975.00| 29.42| 32.85| 36.92| 41.33|61742.00|146830.00|278093.00|443976.00|  DSNR mode  |-0.000 dB|
| 29.42| 32.85| 36.92| 41.33|61740.00|146829.00|278092.00|443975.00| 29.42| 32.85| 36.92| 41.33|61742.00|146830.00|278093.00|443976.00| Percent mode|    0.00 %|
| 29.53| 33.20| 37.10| 41.32|115372.00|201860.00|320913.00|480330.00| 29.53| 33.21| 37.10| 41.32|115373.00|201861.00|320914.00|480331.00|  DSNR mode  | 0.005 dB|
| 29.53| 33.20| 37.10| 41.32|115372.00|201860.00|320913.00|480330.00| 29.53| 33.21| 37.10| 41.32|115373.00|201861.00|320914.00|480331.00| Percent mode|   -0.04 %|
| 28.79| 32.69| 37.00| 41.49|137295.00|241992.00|382126.00|550597.00| 28.79| 32.69| 37.00| 41.49|137297.00|241993.00|382127.00|550598.00|  DSNR mode  |-0.000 dB|
| 28.79| 32.69| 37.00| 41.49|137295.00|241992.00|382126.00|550597.00| 28.79| 32.69| 37.00| 41.49|137297.00|241993.00|382127.00|550598.00| Percent mode|    0.00 %|
| 31.13| 34.53| 38.06| 41.76|81053.00|140056.00|227244.00|354941.00| 31.14| 34.54| 38.06| 41.76|81055.00|140057.00|227245.00|354942.00|  DSNR mode  | 0.006 dB|
| 31.13| 34.53| 38.06| 41.76|81053.00|140056.00|227244.00|354941.00| 31.14| 34.54| 38.06| 41.76|81055.00|140057.00|227245.00|354942.00| Percent mode|   -0.07 %|
| 29.47| 33.07| 36.98| 41.32|113631.00|200952.00|326235.00|495665.00| 29.47| 33.07| 36.98| 41.32|113633.00|200953.00|326236.00|495666.00|  DSNR mode  |-0.000 dB|
| 29.47| 33.07| 36.98| 41.32|113631.00|200952.00|326235.00|495665.00| 29.47| 33.07| 36.98| 41.32|113633.00|200953.00|326236.00|495666.00| Percent mode|    0.00 %|
| 36.68| 38.87| 41.07| 43.21|13195.00|25260.00|48163.00|91879.00| 36.68| 38.87| 41.07| 43.21|13196.00|25261.00|48164.00|91880.00|  DSNR mode  |-0.000 dB|
| 36.68| 38.87| 41.07| 43.21|13195.00|25260.00|48163.00|91879.00| 36.68| 38.87| 41.07| 43.21|13196.00|25261.00|48164.00|91880.00| Percent mode|    0.00 %|
| 32.63| 36.04| 39.37| 42.73|54123.00|93319.00|149932.00|237712.00| 32.63| 36.04| 39.37| 42.73|54125.00|93320.00|149933.00|237713.00|  DSNR mode  |-0.000 dB|
| 32.63| 36.04| 39.37| 42.73|54123.00|93319.00|149932.00|237712.00| 32.63| 36.04| 39.37| 42.73|54125.00|93320.00|149933.00|237713.00| Percent mode|    0.00 %|
| 34.18| 36.55| 39.07| 41.95|18196.00|41273.00|84917.00|172297.00| 34.18| 36.55| 39.07| 41.95|18198.00|41274.00|84918.00|172298.00|  DSNR mode  |-0.000 dB|
| 34.18| 36.55| 39.07| 41.95|18196.00|41273.00|84917.00|172297.00| 34.18| 36.55| 39.07| 41.95|18198.00|41274.00|84918.00|172298.00| Percent mode|    0.00 %|
| 34.59| 37.34| 39.87| 42.34|29901.00|51901.00|87685.00|153886.00| 34.59| 37.34| 39.87| 42.34|29903.00|51902.00|87686.00|153887.00|  DSNR mode  |-0.000 dB|
| 34.59| 37.34| 39.87| 42.34|29901.00|51901.00|87685.00|153886.00| 34.59| 37.34| 39.87| 42.34|29903.00|51902.00|87686.00|153887.00| Percent mode|    0.00 %|
| 28.53| 32.42| 36.72| 41.32|144082.00|257102.00|409190.00|595364.00| 28.59| 32.49| 36.75| 41.32|144084.00|257103.00|409191.00|595365.00|  DSNR mode  | 0.050 dB|
| 28.53| 32.42| 36.72| 41.32|144082.00|257102.00|409190.00|595364.00| 28.59| 32.49| 36.75| 41.32|144084.00|257103.00|409191.00|595365.00| Percent mode|   -0.53 %|
| 29.53| 33.20| 37.10| 41.32|115372.00|201860.00|320913.00|480330.00| 29.59| 33.27| 37.15| 41.32|115374.00|201862.00|320914.00|480331.00|  DSNR mode  | 0.055 dB|
| 29.53| 33.20| 37.10| 41.32|115372.00|201860.00|320913.00|480330.00| 29.59| 33.27| 37.15| 41.32|115374.00|201862.00|320914.00|480331.00| Percent mode|   -0.66 %|
| 32.63| 36.04| 39.37| 42.73|54123.00|93319.00|149932.00|237712.00| 32.70| 36.10| 39.40| 42.73|54125.00|93320.00|149933.00|237713.00|  DSNR mode  | 0.044 dB|
| 32.63| 36.04| 39.37| 42.73|54123.00|93319.00|149932.00|237712.00| 32.70| 36.10| 39.40| 42.73|54125.00|93320.00|149933.00|237713.00| Percent mode|   -0.64 %|
| 34.18| 36.55| 39.07| 41.95|18196.00|41273.00|84917.00|172297.00| 34.19| 36.56| 39.08| 41.96|18197.00|41274.00|84918.00|172298.00|  DSNR mode  | 0.010 dB|
| 34.18| 36.55| 39.07| 41.95|18196.00|41273.00|84917.00|172297.00| 34.19| 36.56| 39.08| 41.96|18197.00|41274.00|84918.00|172298.00| Percent mode|   -0.29 %|
| 34.59| 37.34| 39.87| 42.34|29901.00|51901.00|87685.00|153886.00| 34.65| 37.40| 39.90| 42.34|29903.00|51903.00|87686.00|153887.00|  DSNR mode  | 0.041 dB|
| 34.59| 37.34| 39.87| 42.34|29901.00|51901.00|87685.00|153886.00| 34.65| 37.40| 39.90| 42.34|29903.00|51903.00|87686.00|153887.00| Percent mode|   -0.86 %|
| 29.53| 33.20| 37.10| 41.32|115372.00|201860.00|320913.00|480330.00| 29.59| 33.27| 37.15| 41.32|115374.00|201862.00|320914.00|480331.00|  DSNR mode  | 0.055 dB|
| 29.53| 33.20| 37.10| 41.32|115372.00|201860.00|320913.00|480330.00| 29.59| 33.27| 37.15| 41.32|115374.00|201862.00|320914.00|480331.00| Percent mode|   -0.66 %|
| 32.63| 36.04| 39.37| 42.73|54123.00|93319.00|149932.00|237712.00| 32.70| 36.10| 39.40| 42.73|54125.00|93320.00|149933.00|237713.00|  DSNR mode  | 0.044 dB|
| 32.63| 36.04| 39.37| 42.73|54123.00|93319.00|149932.00|237712.00| 32.70| 36.10| 39.40| 42.73|54125.00|93320.00|149933.00|237713.00| Percent mode|   -0.64 %|
| 34.18| 36.55| 39.07| 41.95|18196.00|41273.00|84917.00|172297.00| 34.19| 36.56| 39.08| 41.96|18197.00|41274.00|84918.00|172298.00|  DSNR mode  | 0.010 dB|
| 34.18| 36.55| 39.07| 41.95|18196.00|41273.00|84917.00|172297.00| 34.19| 36.56| 39.08| 41.96|18197.00|41274.00|84918.00|172298.00| Percent mode|   -0.29 %|
| 28.53| 32.42| 36.72| 41.32|144082.00|257102.00|409190.00|595364.00| 28.59| 32.49| 36.75| 41.32|144084.00|257103.00|409191.00|595365.00|  DSNR mode  | 0.050 dB|
| 28.53| 32.42| 36.72| 41.32|144082.00|257102.00|409190.00|595364.00| 28.59| 32.49| 36.75| 41.32|144084.00|257103.00|409191.00|595365.00| Percent mode|   -0.53 %|
| 28.79| 32.69| 37.00| 41.49|137295.00|241992.00|382126.00|550597.00| 28.84| 32.74| 37.03| 41.49|137297.00|241993.00|382127.00|550598.00|  DSNR mode  | 0.039 dB|
| 28.79| 32.69| 37.00| 41.49|137295.00|241992.00|382126.00|550597.00| 28.84| 32.74| 37.03| 41.49|137297.00|241993.00|382127.00|550598.00| Percent mode|   -0.42 %|
| 29.47| 33.07| 36.98| 41.32|113631.00|200952.00|326235.00|495665.00| 29.53| 33.15| 37.03| 41.32|113633.00|200953.00|326236.00|495666.00|  DSNR mode  | 0.059 dB|
| 29.47| 33.07| 36.98| 41.32|113631.00|200952.00|326235.00|495665.00| 29.53| 33.15| 37.03| 41.32|113633.00|200953.00|326236.00|495666.00| Percent mode|   -0.72 %|
| 34.59| 37.34| 39.87| 42.34|29901.00|51901.00|87685.00|153886.00| 34.65| 37.40| 39.90| 42.34|29903.00|51903.00|87686.00|153887.00|  DSNR mode  | 0.041 dB|
| 34.59| 37.34| 39.87| 42.34|29901.00|51901.00|87685.00|153886.00| 34.65| 37.40| 39.90| 42.34|29903.00|51903.00|87686.00|153887.00| Percent mode|   -0.86 %|
| 31.13| 34.53| 38.06| 41.76|81053.00|140056.00|227244.00|354941.00| 31.22| 34.62| 38.11| 41.76|81055.00|140057.00|227245.00|354942.00|  DSNR mode  | 0.066 dB|
| 31.13| 34.53| 38.06| 41.76|81053.00|140056.00|227244.00|354941.00| 31.22| 34.62| 38.11| 41.76|81055.00|140057.00|227245.00|354942.00| Percent mode|   -0.91 %|
| 29.42| 32.85| 36.92| 41.33|61740.00|146829.00|278092.00|443975.00| 29.44| 32.88| 36.95| 41.33|61742.00|146831.00|278093.00|443976.00|  DSNR mode  | 0.025 dB|
| 29.42| 32.85| 36.92| 41.33|61740.00|146829.00|278092.00|443975.00| 29.44| 32.88| 36.95| 41.33|61742.00|146831.00|278093.00|443976.00| Percent mode|   -0.42 %|
| 36.68| 38.87| 41.07| 43.21|13195.00|25260.00|48163.00|91879.00| 36.71| 38.89| 41.08| 43.21|13197.00|25261.00|48164.00|91880.00|  DSNR mode  | 0.015 dB|
| 36.68| 38.87| 41.07| 43.21|13195.00|25260.00|48163.00|91879.00| 36.71| 38.89| 41.08| 43.21|13197.00|25261.00|48164.00|91880.00| Percent mode|   -0.44 %|
| 29.53| 33.20| 37.10| 41.32|115372.00|201860.00|320913.00|480330.00| 29.59| 33.27| 37.15| 41.32|115374.00|201862.00|320914.00|480331.00|  DSNR mode  | 0.055 dB|
| 29.53| 33.20| 37.10| 41.32|115372.00|201860.00|320913.00|480330.00| 29.59| 33.27| 37.15| 41.32|115374.00|201862.00|320914.00|480331.00| Percent mode|   -0.66 %|
| 32.63| 36.04| 39.37| 42.73|54123.00|93319.00|149932.00|237712.00| 32.70| 36.10| 39.40| 42.73|54125.00|93320.00|149933.00|237713.00|  DSNR mode  | 0.044 dB|
| 32.63| 36.04| 39.37| 42.73|54123.00|93319.00|149932.00|237712.00| 32.70| 36.10| 39.40| 42.73|54125.00|93320.00|149933.00|237713.00| Percent mode|   -0.64 %|
| 34.18| 36.55| 39.07| 41.95|18196.00|41273.00|84917.00|172297.00| 34.19| 36.56| 39.08| 41.96|18197.00|41274.00|84918.00|172298.00|  DSNR mode  | 0.010 dB|
| 34.18| 36.55| 39.07| 41.95|18196.00|41273.00|84917.00|172297.00| 34.19| 36.56| 39.08| 41.96|18197.00|41274.00|84918.00|172298.00| Percent mode|   -0.29 %|
| 29.53| 33.20| 37.10| 41.32|115372.00|201860.00|320913.00|480330.00| 29.59| 33.27| 37.15| 41.32|115374.00|201862.00|320914.00|480331.00|  DSNR mode  | 0.055 dB|
| 29.53| 33.20| 37.10| 41.32|115372.00|201860.00|320913.00|480330.00| 29.59| 33.27| 37.15| 41.32|115374.00|201862.00|320914.00|480331.00| Percent mode|   -0.66 %|
| 32.63| 36.04| 39.37| 42.73|54123.00|93319.00|149932.00|237712.00| 32.70| 36.10| 39.40| 42.73|54125.00|93320.00|149933.00|237713.00|  DSNR mode  | 0.044 dB|
| 32.63| 36.04| 39.37| 42.73|54123.00|93319.00|149932.00|237712.00| 32.70| 36.10| 39.40| 42.73|54125.00|93320.00|149933.00|237713.00| Percent mode|   -0.64 %|
| 34.18| 36.55| 39.07| 41.95|18196.00|41273.00|84917.00|172297.00| 34.19| 36.56| 39.08| 41.96|18197.00|41274.00|84918.00|172298.00|  DSNR mode  | 0.010 dB|
| 34.18| 36.55| 39.07| 41.95|18196.00|41273.00|84917.00|172297.00| 34.19| 36.56| 39.08| 41.96|18197.00|41274.00|84918.00|172298.00| Percent mode|   -0.29 %|
| 28.53| 32.42| 36.72| 41.32|144082.00|257102.00|409190.00|595364.00| 28.59| 32.49| 36.75| 41.32|144084.00|257103.00|409191.00|595365.00|  DSNR mode  | 0.050 dB|
| 28.53| 32.42| 36.72| 41.32|144082.00|257102.00|409190.00|595364.00| 28.59| 32.49| 36.75| 41.32|144084.00|257103.00|409191.00|595365.00| Percent mode|   -0.53 %|
| 28.79| 32.69| 37.00| 41.49|137295.00|241992.00|382126.00|550597.00| 28.84| 32.74| 37.03| 41.49|137297.00|241993.00|382127.00|550598.00|  DSNR mode  | 0.039 dB|
| 28.79| 32.69| 37.00| 41.49|137295.00|241992.00|382126.00|550597.00| 28.84| 32.74| 37.03| 41.49|137297.00|241993.00|382127.00|550598.00| Percent mode|   -0.42 %|
| 29.47| 33.07| 36.98| 41.32|113631.00|200952.00|326235.00|495665.00| 29.53| 33.15| 37.03| 41.32|113633.00|200953.00|326236.00|495666.00|  DSNR mode  | 0.059 dB|
| 29.47| 33.07| 36.98| 41.32|113631.00|200952.00|326235.00|495665.00| 29.53| 33.15| 37.03| 41.32|113633.00|200953.00|326236.00|495666.00| Percent mode|   -0.72 %|
| 34.59| 37.34| 39.87| 42.34|29901.00|51901.00|87685.00|153886.00| 34.65| 37.40| 39.90| 42.34|29903.00|51903.00|87686.00|153887.00|  DSNR mode  | 0.041 dB|
| 34.59| 37.34| 39.87| 42.34|29901.00|51901.00|87685.00|153886.00| 34.65| 37.40| 39.90| 42.34|29903.00|51903.00|87686.00|153887.00| Percent mode|   -0.86 %|
| 31.13| 34.53| 38.06| 41.76|81053.00|140056.00|227244.00|354941.00| 31.22| 34.62| 38.11| 41.76|81055.00|140057.00|227245.00|354942.00|  DSNR mode  | 0.066 dB|
| 31.13| 34.53| 38.06| 41.76|81053.00|140056.00|227244.00|354941.00| 31.22| 34.62| 38.11| 41.76|81055.00|140057.00|227245.00|354942.00| Percent mode|   -0.91 %|
| 29.42| 32.85| 36.92| 41.33|61740.00|146829.00|278092.00|443975.00| 29.44| 32.88| 36.95| 41.33|61742.00|146831.00|278093.00|443976.00|  DSNR mode  | 0.025 dB|
| 29.42| 32.85| 36.92| 41.33|61740.00|146829.00|278092.00|443975.00| 29.44| 32.88| 36.95| 41.33|61742.00|146831.00|278093.00|443976.00| Percent mode|   -0.42 %|
| 35.22| 38.53| 41.70| 44.63|1465.00|2381.00|3818.00|5939.00| 35.31| 38.62| 41.75| 44.63|1467.00|2383.00|3819.00|5940.00|  DSNR mode  | 0.061 dB|
| 35.22| 38.53| 41.70| 44.63|1465.00|2381.00|3818.00|5939.00| 35.31| 38.62| 41.75| 44.63|1467.00|2383.00|3819.00|5940.00| Percent mode|   -0.91 %|
| 29.53| 33.20| 37.10| 41.32|115372.00|201860.00|320913.00|480330.00| 29.59| 33.27| 37.15| 41.32|115374.00|201862.00|320914.00|480331.00|  DSNR mode  | 0.055 dB|
| 29.53| 33.20| 37.10| 41.32|115372.00|201860.00|320913.00|480330.00| 29.59| 33.27| 37.15| 41.32|115374.00|201862.00|320914.00|480331.00| Percent mode|   -0.66 %|
| 32.63| 36.04| 39.37| 42.73|54123.00|93319.00|149932.00|237712.00| 32.70| 36.10| 39.40| 42.73|54125.00|93320.00|149933.00|237713.00|  DSNR mode  | 0.044 dB|
| 32.63| 36.04| 39.37| 42.73|54123.00|93319.00|149932.00|237712.00| 32.70| 36.10| 39.40| 42.73|54125.00|93320.00|149933.00|237713.00| Percent mode|   -0.64 %|
| 34.18| 36.55| 39.07| 41.95|18196.00|41273.00|84917.00|172297.00| 34.19| 36.56| 39.08| 41.96|18197.00|41274.00|84918.00|172298.00|  DSNR mode  | 0.010 dB|
| 34.18| 36.55| 39.07| 41.95|18196.00|41273.00|84917.00|172297.00| 34.19| 36.56| 39.08| 41.96|18197.00|41274.00|84918.00|172298.00| Percent mode|   -0.29 %|
| 28.53| 32.42| 36.72| 41.32|144082.00|257102.00|409190.00|595364.00| 28.59| 32.49| 36.75| 41.32|144084.00|257103.00|409191.00|595365.00|  DSNR mode  | 0.050 dB|
| 28.53| 32.42| 36.72| 41.32|144082.00|257102.00|409190.00|595364.00| 28.59| 32.49| 36.75| 41.32|144084.00|257103.00|409191.00|595365.00| Percent mode|   -0.53 %|
| 28.79| 32.69| 37.00| 41.49|137295.00|241992.00|382126.00|550597.00| 28.84| 32.74| 37.03| 41.49|137297.00|241993.00|382127.00|550598.00|  DSNR mode  | 0.039 dB|
| 28.79| 32.69| 37.00| 41.49|137295.00|241992.00|382126.00|550597.00| 28.84| 32.74| 37.03| 41.49|137297.00|241993.00|382127.00|550598.00| Percent mode|   -0.42 %|
| 29.47| 33.07| 36.98| 41.32|113631.00|200952.00|326235.00|495665.00| 29.53| 33.15| 37.03| 41.32|113633.00|200953.00|326236.00|495666.00|  DSNR mode  | 0.059 dB|
| 29.47| 33.07| 36.98| 41.32|113631.00|200952.00|326235.00|495665.00| 29.53| 33.15| 37.03| 41.32|113633.00|200953.00|326236.00|495666.00| Percent mode|   -0.72 %|
| 34.59| 37.34| 39.87| 42.34|29901.00|51901.00|87685.00|153886.00| 34.65| 37.40| 39.90| 42.34|29903.00|51903.00|87686.00|153887.00|  DSNR mode  | 0.041 dB|
| 34.59| 37.34| 39.87| 42.34|29901.00|51901.00|87685.00|153886.00| 34.65| 37.40| 39.90| 42.34|29903.00|51903.00|87686.00|153887.00| Percent mode|   -0.86 %|
| 31.13| 34.53| 38.06| 41.76|81053.00|140056.00|227244.00|354941.00| 31.22| 34.62| 38.11| 41.76|81055.00|140057.00|227245.00|354942.00|  DSNR mode  | 0.066 dB|
| 31.13| 34.53| 38.06| 41.76|81053.00|140056.00|227244.00|354941.00| 31.22| 34.62| 38.11| 41.76|81055.00|140057.00|227245.00|354942.00| Percent mode|   -0.91 %|
| 29.42| 32.85| 36.92| 41.33|61740.00|146829.00|278092.00|443975.00| 29.44| 32.88| 36.95| 41.33|61742.00|146831.00|278093.00|443976.00|  DSNR mode  | 0.025 dB|
| 29.42| 32.85| 36.92| 41.33|61740.00|146829.00|278092.00|443975.00| 29.44| 32.88| 36.95| 41.33|61742.00|146831.00|278093.00|443976.00| Percent mode|   -0.42 %|
| 36.68| 38.87| 41.07| 43.21|13195.00|25260.00|48163.00|91879.00| 36.71| 38.89| 41.08| 43.21|13197.00|25261.00|48164.00|91880.00|  DSNR mode  | 0.015 dB|
| 36.68| 38.87| 41.07| 43.21|13195.00|25260.00|48163.00|91879.00| 36.71| 38.89| 41.08| 43.21|13197.00|25261.00|48164.00|91880.00| Percent mode|   -0.44 %|
| 35.22| 38.53| 41.70| 44.63|1465.00|2381.00|3818.00|5939.00| 35.31| 38.61| 41.75| 44.64|1468.00|2383.00|3820.00|5940.00|  DSNR mode  | 0.057 dB|
| 35.22| 38.53| 41.70| 44.63|1465.00|2381.00|3818.00|5939.00| 35.31| 38.61| 41.75| 44.64|1468.00|2383.00|3820.00|5940.00| Percent mode|   -0.85 %|
| 35.22| 38.53| 41.70| 44.63|1465.00|2381.00|3818.00|5939.00| 35.31| 38.61| 41.75| 44.64|1468.00|2383.00|3820.00|5940.00|  DSNR mode  | 0.057 dB|
| 35.22| 38.53| 41.70| 44.63|1465.00|2381.00|3818.00|5939.00| 35.31| 38.61| 41.75| 44.64|1468.00|2383.00|3820.00|5940.00| Percent mode|   -0.85 %|
| 29.53| 33.20| 37.10| 41.32|115372.00|201860.00|320913.00|480330.00| 29.59| 33.27| 37.15| 41.32|115374.00|201862.00|320915.00|480331.00|  DSNR mode  | 0.055 dB|
| 29.53| 33.20| 37.10| 41.32|115372.00|201860.00|320913.00|480330.00| 29.59| 33.27| 37.15| 41.32|115374.00|201862.00|320915.00|480331.00| Percent mode|   -0.66 %|
| 32.63| 36.04| 39.37| 42.73|54123.00|93319.00|149932.00|237712.00| 32.70| 36.10| 39.40| 42.73|54125.00|93321.00|149934.00|237713.00|  DSNR mode  | 0.044 dB|
| 32.63| 36.04| 39.37| 42.73|54123.00|93319.00|149932.00|237712.00| 32.70| 36.10| 39.40| 42.73|54125.00|93321.00|149934.00|237713.00| Percent mode|   -0.64 %|
| 34.18| 36.55| 39.07| 41.95|18196.00|41273.00|84917.00|172297.00| 34.19| 36.56| 39.08| 41.96|18198.00|41275.00|84919.00|172298.00|  DSNR mode  | 0.010 dB|
| 34.18| 36.55| 39.07| 41.95|18196.00|41273.00|84917.00|172297.00| 34.19| 36.56| 39.08| 41.96|18198.00|41275.00|84919.00|172298.00| Percent mode|   -0.28 %|
| 28.53| 32.42| 36.72| 41.32|144082.00|257102.00|409190.00|595364.00| 28.59| 28.59| 36.75| 41.32|144084.00|409192.00|595365.00|595365.00|  DSNR mode  |  -nan dB|
| 28.53| 32.42| 36.72| 41.32|144082.00|257102.00|409190.00|595364.00| 28.59| 28.59| 36.75| 41.32|144084.00|409192.00|595365.00|595365.00| Percent mode|    -nan %|
| 28.53| 32.42| 36.72| 41.32|144082.00|257102.00|409190.00|595364.00| 28.59| 32.49| 36.75| 41.32|144084.00|257104.00|409192.00|595365.00|  DSNR mode  | 0.050 dB|
| 28.53| 32.42| 36.72| 41.32|144082.00|257102.00|409190.00|595364.00| 28.59| 32.49| 36.75| 41.32|144084.00|257104.00|409192.00|595365.00| Percent mode|   -0.53 %|
| 28.79| 32.69| 37.00| 41.49|137295.00|241992.00|382126.00|550597.00| 28.84| 32.74| 37.03| 41.49|137298.00|241994.00|382128.00|550598.00|  DSNR mode  | 0.039 dB|
| 28.79| 32.69| 37.00| 41.49|137295.00|241992.00|382126.00|550597.00| 28.84| 32.74| 37.03| 41.49|137298.00|241994.00|382128.00|550598.00| Percent mode|   -0.42 %|
| 29.47| 33.07| 36.98| 41.32|113631.00|200952.00|326235.00|495665.00| 29.53| 33.15| 37.03| 41.32|113634.00|200954.00|326237.00|495666.00|  DSNR mode  | 0.059 dB|
| 29.47| 33.07| 36.98| 41.32|113631.00|200952.00|326235.00|495665.00| 29.53| 33.15| 37.03| 41.32|113634.00|200954.00|326237.00|495666.00| Percent mode|   -0.72 %|
| 34.59| 37.34| 39.87| 42.34|29901.00|51901.00|87685.00|153886.00| 34.65| 37.40| 39.90| 42.34|29904.00|51903.00|87687.00|153887.00|  DSNR mode  | 0.041 dB|
| 34.59| 37.34| 39.87| 42.34|29901.00|51901.00|87685.00|153886.00| 34.65| 37.40| 39.90| 42.34|29904.00|51903.00|87687.00|153887.00| Percent mode|   -0.86 %|
| 31.13| 34.53| 38.06| 41.76|81053.00|140056.00|227244.00|354941.00| 31.22| 34.62| 38.11| 41.76|81056.00|140058.00|227246.00|354942.00|  DSNR mode  | 0.066 dB|
| 31.13| 34.53| 38.06| 41.76|81053.00|140056.00|227244.00|354941.00| 31.22| 34.62| 38.11| 41.76|81056.00|140058.00|227246.00|354942.00| Percent mode|   -0.91 %|
| 29.42| 32.85| 36.92| 41.33|61740.00|146829.00|278092.00|443975.00| 29.44| 32.88| 36.95| 41.33|61742.00|146831.00|278094.00|443976.00|  DSNR mode  | 0.025 dB|
| 29.42| 32.85| 36.92| 41.33|61740.00|146829.00|278092.00|443975.00| 29.44| 32.88| 36.95| 41.33|61742.00|146831.00|278094.00|443976.00| Percent mode|   -0.42 %|
| 36.68| 38.87| 41.07| 43.21|13195.00|25260.00|48163.00|91879.00| 36.71| 38.89| 41.08| 43.21|13197.00|25262.00|48165.00|91880.00|  DSNR mode  | 0.015 dB|
| 36.68| 38.87| 41.07| 43.21|13195.00|25260.00|48163.00|91879.00| 36.71| 38.89| 41.08| 43.21|13197.00|25262.00|48165.00|91880.00| Percent mode|   -0.44 %|
| 35.22| 38.53| 41.70| 44.63|1465.00|2381.00|3818.00|5939.00| 35.31| 38.62| 41.75| 44.63|1468.00|2383.00|3820.00|5940.00|  DSNR mode  | 0.060 dB|
| 35.22| 38.53| 41.70| 44.63|1465.00|2381.00|3818.00|5939.00| 35.31| 38.62| 41.75| 44.63|1468.00|2383.00|3820.00|5940.00| Percent mode|   -0.89 %|
| 29.53| 33.20| 37.10| 41.32|115372.00|201860.00|320913.00|480330.00| 29.59| 33.27| 37.15| 41.32|115374.00|201862.00|320915.00|480331.00|  DSNR mode  | 0.055 dB|
| 29.53| 33.20| 37.10| 41.32|115372.00|201860.00|320913.00|480330.00| 29.59| 33.27| 37.15| 41.32|115374.00|201862.00|320915.00|480331.00| Percent mode|   -0.66 %|
| 32.63| 36.04| 39.37| 42.73|54123.00|93319.00|149932.00|237712.00| 10.15| 10.15| 10.15| 10.15| 10.15| 10.15| 10.15| 10.15|  DSNR mode  |  -nan dB|
| 32.63| 36.04| 39.37| 42.73|54123.00|93319.00|149932.00|237712.00| 10.15| 10.15| 10.15| 10.15| 10.15| 10.15| 10.15| 10.15| Percent mode|    -nan %|
| 34.18| 36.55| 39.07| 41.95|18196.00|41273.00|84917.00|172297.00| 11.88| 11.88| 11.88| 11.88| 11.88| 11.88| 11.88| 11.88|  DSNR mode  |  -nan dB|
| 34.18| 36.55| 39.07| 41.95|18196.00|41273.00|84917.00|172297.00| 11.88| 11.88| 11.88| 11.88| 11.88| 11.88| 11.88| 11.88| Percent mode|    -nan %|
| 28.53| 32.42| 36.72| 41.32|144082.00|257102.00|409190.00|595364.00| 12.08| 12.08| 12.08| 12.08| 12.08| 12.08| 12.08| 12.08|  DSNR mode  |  -nan dB|
| 28.53| 32.42| 36.72| 41.32|144082.00|257102.00|409190.00|595364.00| 12.08| 12.08| 12.08| 12.08| 12.08| 12.08| 12.08| 12.08| Percent mode|    -nan %|
| 28.79| 32.69| 37.00| 41.49|137295.00|241992.00|382126.00|550597.00| 11.24| 11.24| 11.24| 11.24| 11.24| 11.24| 11.24| 11.24|  DSNR mode  |  -nan dB|
| 28.79| 32.69| 37.00| 41.49|137295.00|241992.00|382126.00|550597.00| 11.24| 11.24| 11.24| 11.24| 11.24| 11.24| 11.24| 11.24| Percent mode|    -nan %|
| 29.47| 33.07| 36.98| 41.32|113631.00|200952.00|326235.00|495665.00| 12.50| 12.50| 12.50| 12.50| 12.50| 12.50| 12.50| 12.50|  DSNR mode  |  -nan dB|
| 29.47| 33.07| 36.98| 41.32|113631.00|200952.00|326235.00|495665.00| 12.50| 12.50| 12.50| 12.50| 12.50| 12.50| 12.50| 12.50| Percent mode|    -nan %|
| 34.59| 37.34| 39.87| 42.34|29901.00|51901.00|87685.00|153886.00| 10.87| 10.87| 10.87| 10.87| 10.87| 10.87| 10.87| 10.87|  DSNR mode  |  -nan dB|
| 34.59| 37.34| 39.87| 42.34|29901.00|51901.00|87685.00|153886.00| 10.87| 10.87| 10.87| 10.87| 10.87| 10.87| 10.87| 10.87| Percent mode|    -nan %|
| 31.13| 34.53| 38.06| 41.76|81053.00|140056.00|227244.00|354941.00| 11.07| 11.07| 11.07| 11.07| 11.07| 11.07| 11.07| 11.07|  DSNR mode  |  -nan dB|
| 31.13| 34.53| 38.06| 41.76|81053.00|140056.00|227244.00|354941.00| 11.07| 11.07| 11.07| 11.07| 11.07| 11.07| 11.07| 11.07| Percent mode|    -nan %|
| 29.42| 32.85| 36.92| 41.33|61740.00|146829.00|278092.00|443975.00|  9.80|  9.80|  9.80|  9.80|  9.80|  9.80|  9.80|  9.80|  DSNR mode  |  -nan dB|
| 29.42| 32.85| 36.92| 41.33|61740.00|146829.00|278092.00|443975.00|  9.80|  9.80|  9.80|  9.80|  9.80|  9.80|  9.80|  9.80| Percent mode|    -nan %|
| 36.68| 38.87| 41.07| 43.21|13195.00|25260.00|48163.00|91879.00| 13.38| 13.38| 13.38| 13.38| 13.38| 13.38| 13.38| 13.38|  DSNR mode  |  -nan dB|
| 36.68| 38.87| 41.07| 43.21|13195.00|25260.00|48163.00|91879.00| 13.38| 13.38| 13.38| 13.38| 13.38| 13.38| 13.38| 13.38| Percent mode|    -nan %|
| 29.53| 33.20| 37.10| 41.32|115372.00|201860.00|320913.00|480330.00| 29.59| 33.27| 37.15| 41.32|115374.00|201862.00|320915.00|480331.00|  DSNR mode  | 0.055 dB|
| 29.53| 33.20| 37.10| 41.32|115372.00|201860.00|320913.00|480330.00| 29.59| 33.27| 37.15| 41.32|115374.00|201862.00|320915.00|480331.00| Percent mode|   -0.66 %|
| 32.63| 36.04| 39.37| 42.73|54123.00|93319.00|149932.00|237712.00| 32.70| 36.10| 39.40| 42.73|54125.00|93321.00|149934.00|237713.00|  DSNR mode  | 0.044 dB|
| 32.63| 36.04| 39.37| 42.73|54123.00|93319.00|149932.00|237712.00| 32.70| 36.10| 39.40| 42.73|54125.00|93321.00|149934.00|237713.00| Percent mode|   -0.64 %|
| 34.18| 36.55| 39.07| 41.95|18196.00|41273.00|84917.00|172297.00| 34.19| 36.56| 39.08| 41.96|18198.00|41275.00|84919.00|172298.00|  DSNR mode  | 0.010 dB|
| 34.18| 36.55| 39.07| 41.95|18196.00|41273.00|84917.00|172297.00| 34.19| 36.56| 39.08| 41.96|18198.00|41275.00|84919.00|172298.00| Percent mode|   -0.28 %|
| 28.53| 32.42| 36.72| 41.32|144082.00|257102.00|409190.00|595364.00| 28.59| 32.49| 36.75| 41.32|144084.00|257104.00|409192.00|595365.00|  DSNR mode  | 0.050 dB|
| 28.53| 32.42| 36.72| 41.32|144082.00|257102.00|409190.00|595364.00| 28.59| 32.49| 36.75| 41.32|144084.00|257104.00|409192.00|595365.00| Percent mode|   -0.53 %|
| 28.79| 32.69| 37.00| 41.49|137295.00|241992.00|382126.00|550597.00| 28.84| 32.74| 37.03| 41.49|137298.00|241994.00|382128.00|550598.00|  DSNR mode  | 0.039 dB|
| 28.79| 32.69| 37.00| 41.49|137295.00|241992.00|382126.00|550597.00| 28.84| 32.74| 37.03| 41.49|137298.00|241994.00|382128.00|550598.00| Percent mode|   -0.42 %|
| 29.47| 33.07| 36.98| 41.32|113631.00|200952.00|326235.00|495665.00| 29.54| 33.15| 37.03| 41.32|113634.00|200954.00|326237.00|495666.00|  DSNR mode  | 0.061 dB|
| 29.47| 33.07| 36.98| 41.32|113631.00|200952.00|326235.00|495665.00| 29.54| 33.15| 37.03| 41.32|113634.00|200954.00|326237.00|495666.00| Percent mode|   -0.74 %|
| 34.59| 37.34| 39.87| 42.34|29901.00|51901.00|87685.00|153886.00| 34.65| 37.39| 39.90| 42.34|29904.00|51903.00|87687.00|153887.00|  DSNR mode  | 0.037 dB|
| 34.59| 37.34| 39.87| 42.34|29901.00|51901.00|87685.00|153886.00| 34.65| 37.39| 39.90| 42.34|29904.00|51903.00|87687.00|153887.00| Percent mode|   -0.78 %|
| 31.13| 34.53| 38.06| 41.76|81053.00|140056.00|227244.00|354941.00| 31.22| 34.62| 38.11| 41.76|81056.00|140058.00|227246.00|354942.00|  DSNR mode  | 0.066 dB|
| 31.13| 34.53| 38.06| 41.76|81053.00|140056.00|227244.00|354941.00| 31.22| 34.62| 38.11| 41.76|81056.00|140058.00|227246.00|354942.00| Percent mode|   -0.91 %|
| 29.42| 32.85| 36.92| 41.33|61740.00|146829.00|278092.00|443975.00| 29.44| 32.88| 36.95| 41.33|61742.00|146831.00|278094.00|443976.00|  DSNR mode  | 0.025 dB|
| 29.42| 32.85| 36.92| 41.33|61740.00|146829.00|278092.00|443975.00| 29.44| 32.88| 36.95| 41.33|61742.00|146831.00|278094.00|443976.00| Percent mode|   -0.42 %|
| 36.68| 38.87| 41.07| 43.21|13195.00|25260.00|48163.00|91879.00| 36.71| 38.89| 41.08| 43.21|13197.00|25262.00|48165.00|91880.00|  DSNR mode  | 0.015 dB|
| 36.68| 38.87| 41.07| 43.21|13195.00|25260.00|48163.00|91879.00| 36.71| 38.89| 41.08| 43.21|13197.00|25262.00|48165.00|91880.00| Percent mode|   -0.44 %|
| 29.53| 33.20| 37.10| 41.32|115372.00|201860.00|320913.00|480330.00| 29.59| 33.27| 37.15| 41.32|115374.00|201862.00|320915.00|480331.00|  DSNR mode  | 0.055 dB|
| 29.53| 33.20| 37.10| 41.32|115372.00|201860.00|320913.00|480330.00| 29.59| 33.27| 37.15| 41.32|115374.00|201862.00|320915.00|480331.00| Percent mode|   -0.66 %|
| 35.22| 38.53| 41.70| 44.63|1465.00|2381.00|3818.00|5939.00| 35.30| 38.61| 41.75| 44.63|1468.00|2383.00|3820.00|5940.00|  DSNR mode  | 0.054 dB|
| 35.22| 38.53| 41.70| 44.63|1465.00|2381.00|3818.00|5939.00| 35.30| 38.61| 41.75| 44.63|1468.00|2383.00|3820.00|5940.00| Percent mode|   -0.81 %|
|  0.00|  0.00|  0.00|  0.00|6648.00|6648.00|6648.00|6648.00|6648.00|6648.00|6648.00|6648.00|6648.00|6648.00|6648.00|6648.00|  DSNR mode  |  -nan dB|
|  0.00|  0.00|  0.00|  0.00|6648.00|6648.00|6648.00|6648.00|6648.00|6648.00|6648.00|6648.00|6648.00|6648.00|6648.00|6648.00| Percent mode|    -nan %|
| 29.53| 33.20| 37.10| 41.32|115372.00|201860.00|320913.00|480330.00| 29.60| 33.29| 37.16| 41.32|115375.00|201862.00|320915.00|480331.00|  DSNR mode  | 0.068 dB|
| 29.53| 33.20| 37.10| 41.32|115372.00|201860.00|320913.00|480330.00| 29.60| 33.29| 37.16| 41.32|115375.00|201862.00|320915.00|480331.00| Percent mode|   -0.81 %|
| 32.63| 36.04| 39.37| 42.73|54123.00|93319.00|149932.00|237712.00| 32.71| 36.11| 39.40| 42.73|54126.00|93321.00|149934.00|237713.00|  DSNR mode  | 0.050 dB|
| 32.63| 36.04| 39.37| 42.73|54123.00|93319.00|149932.00|237712.00| 32.71| 36.11| 39.40| 42.73|54126.00|93321.00|149934.00|237713.00| Percent mode|   -0.72 %|
| 34.18| 36.55| 39.07| 41.95|18196.00|41273.00|84917.00|172297.00| 34.19| 36.57| 39.09| 41.96|18198.00|41275.00|84919.00|172298.00|  DSNR mode  | 0.017 dB|
| 34.18| 36.55| 39.07| 41.95|18196.00|41273.00|84917.00|172297.00| 34.19| 36.57| 39.09| 41.96|18198.00|41275.00|84919.00|172298.00| Percent mode|   -0.50 %|
| 28.53| 32.42| 36.72| 41.32|144082.00|257102.00|409190.00|595364.00| 28.60| 32.50| 36.76| 41.32|144085.00|257104.00|409192.00|595365.00|  DSNR mode  | 0.059 dB|
| 28.53| 32.42| 36.72| 41.32|144082.00|257102.00|409190.00|595364.00| 28.60| 32.50| 36.76| 41.32|144085.00|257104.00|409192.00|595365.00| Percent mode|   -0.63 %|
| 28.79| 32.69| 37.00| 41.49|137295.00|241992.00|382126.00|550597.00| 28.85| 32.75| 37.04| 41.49|137298.00|241994.00|382128.00|550598.00|  DSNR mode  | 0.048 dB|
| 28.79| 32.69| 37.00| 41.49|137295.00|241992.00|382126.00|550597.00| 28.85| 32.75| 37.04| 41.49|137298.00|241994.00|382128.00|550598.00| Percent mode|   -0.52 %|
| 29.47| 33.07| 36.98| 41.32|113631.00|200952.00|326235.00|495665.00| 29.55| 33.17| 37.04| 41.32|113634.00|200954.00|326237.00|495666.00|  DSNR mode  | 0.074 dB|
| 29.47| 33.07| 36.98| 41.32|113631.00|200952.00|326235.00|495665.00| 29.55| 33.17| 37.04| 41.32|113634.00|200954.00|326237.00|495666.00| Percent mode|   -0.90 %|
| 34.59| 37.34| 39.87| 42.34|29901.00|51901.00|87685.00|153886.00| 34.66| 37.40| 39.90| 42.34|29904.00|51903.00|87687.00|153887.00|  DSNR mode  | 0.042 dB|
| 34.59| 37.34| 39.87| 42.34|29901.00|51901.00|87685.00|153886.00| 34.66| 37.40| 39.90| 42.34|29904.00|51903.00|87687.00|153887.00| Percent mode|   -0.89 %|
| 31.13| 34.53| 38.06| 41.76|81053.00|140056.00|227244.00|354941.00| 31.24| 34.64| 38.12| 41.76|81056.00|140058.00|227246.00|354942.00|  DSNR mode  | 0.081 dB|
| 31.13| 34.53| 38.06| 41.76|81053.00|140056.00|227244.00|354941.00| 31.24| 34.64| 38.12| 41.76|81056.00|140058.00|227246.00|354942.00| Percent mode|   -1.11 %|
| 29.42| 32.85| 36.92| 41.33|61740.00|146829.00|278092.00|443975.00| 29.44| 32.89| 36.95| 41.33|61742.00|146831.00|278094.00|443976.00|  DSNR mode  | 0.030 dB|
| 29.42| 32.85| 36.92| 41.33|61740.00|146829.00|278092.00|443975.00| 29.44| 32.89| 36.95| 41.33|61742.00|146831.00|278094.00|443976.00| Percent mode|   -0.48 %|
| 36.68| 38.87| 41.07| 43.21|13195.00|25260.00|48163.00|91879.00| 36.72| 38.90| 41.09| 43.21|13198.00|25262.00|48165.00|91881.00|  DSNR mode  | 0.024 dB|
| 36.68| 38.87| 41.07| 43.21|13195.00|25260.00|48163.00|91879.00| 36.72| 38.90| 41.09| 43.21|13198.00|25262.00|48165.00|91881.00| Percent mode|   -0.70 %|
| 29.53| 33.20| 37.10| 41.32|115372.00|201860.00|320913.00|480330.00| 29.59| 33.28| 37.16| 41.32|115374.00|201862.00|320915.00|480331.00|  DSNR mode  | 0.062 dB|
| 29.53| 33.20| 37.10| 41.32|115372.00|201860.00|320913.00|480330.00| 29.59| 33.28| 37.16| 41.32|115374.00|201862.00|320915.00|480331.00| Percent mode|   -0.74 %|
| 29.53| 33.20| 37.10| 41.32|115372.00|201860.00|320913.00|480330.00| 29.59| 33.28| 37.16| 41.32|115374.00|201862.00|320915.00|480331.00|  DSNR mode  | 0.062 dB|
| 29.53| 33.20| 37.10| 41.32|115372.00|201860.00|320913.00|480330.00| 29.59| 33.28| 37.16| 41.32|115374.00|201862.00|320915.00|480331.00| Percent mode|   -0.74 %|
| 32.63| 36.04| 39.37| 42.73|54123.00|93319.00|149932.00|237712.00| 32.70| 36.10| 39.40| 42.73|54126.00|93321.00|149934.00|237713.00|  DSNR mode  | 0.044 dB|
| 32.63| 36.04| 39.37| 42.73|54123.00|93319.00|149932.00|237712.00| 32.70| 36.10| 39.40| 42.73|54126.00|93321.00|149934.00|237713.00| Percent mode|   -0.64 %|
| 34.18| 36.55| 39.07| 41.95|18196.00|41273.00|84917.00|172297.00| 34.19| 36.56| 39.09| 41.96|18198.00|41275.00|84919.00|172299.00|  DSNR mode  | 0.013 dB|
| 34.18| 36.55| 39.07| 41.95|18196.00|41273.00|84917.00|172297.00| 34.19| 36.56| 39.09| 41.96|18198.00|41275.00|84919.00|172299.00| Percent mode|   -0.40 %|
| 28.53| 32.42| 36.72| 41.32|144082.00|257102.00|409190.00|595364.00| 28.60| 32.49| 36.76| 41.32|144084.00|257104.00|409192.00|595365.00|  DSNR mode  | 0.054 dB|
| 28.53| 32.42| 36.72| 41.32|144082.00|257102.00|409190.00|595364.00| 28.60| 32.49| 36.76| 41.32|144084.00|257104.00|409192.00|595365.00| Percent mode|   -0.59 %|
| 28.79| 32.69| 37.00| 41.49|137295.00|241992.00|382126.00|550597.00| 28.85| 32.75| 37.04| 41.49|137298.00|241994.00|382128.00|550598.00|  DSNR mode  | 0.048 dB|
| 28.79| 32.69| 37.00| 41.49|137295.00|241992.00|382126.00|550597.00| 28.85| 32.75| 37.04| 41.49|137298.00|241994.00|382128.00|550598.00| Percent mode|   -0.52 %|
| 29.47| 33.07| 36.98| 41.32|113631.00|200952.00|326235.00|495665.00| 29.54| 33.16| 37.04| 41.32|113634.00|200954.00|326237.00|495666.00|  DSNR mode  | 0.068 dB|
| 29.47| 33.07| 36.98| 41.32|113631.00|200952.00|326235.00|495665.00| 29.54| 33.16| 37.04| 41.32|113634.00|200954.00|326237.00|495666.00| Percent mode|   -0.83 %|
| 34.59| 37.34| 39.87| 42.34|29901.00|51901.00|87685.00|153886.00| 34.65| 37.40| 39.90| 42.34|29904.00|51903.00|87687.00|153887.00|  DSNR mode  | 0.041 dB|
| 34.59| 37.34| 39.87| 42.34|29901.00|51901.00|87685.00|153886.00| 34.65| 37.40| 39.90| 42.34|29904.00|51903.00|87687.00|153887.00| Percent mode|   -0.86 %|
| 31.13| 34.53| 38.06| 41.76|81053.00|140056.00|227244.00|354941.00| 31.23| 34.63| 38.12| 41.76|81056.00|140058.00|227246.00|354942.00|  DSNR mode  | 0.075 dB|
| 31.13| 34.53| 38.06| 41.76|81053.00|140056.00|227244.00|354941.00| 31.23| 34.63| 38.12| 41.76|81056.00|140058.00|227246.00|354942.00| Percent mode|   -1.03 %|
| 29.42| 32.85| 36.92| 41.33|61740.00|146829.00|278092.00|443975.00| 29.44| 32.89| 36.95| 41.33|61742.00|146831.00|278094.00|443976.00|  DSNR mode  | 0.030 dB|
| 29.42| 32.85| 36.92| 41.33|61740.00|146829.00|278092.00|443975.00| 29.44| 32.89| 36.95| 41.33|61742.00|146831.00|278094.00|443976.00| Percent mode|   -0.48 %|
| 36.68| 38.87| 41.07| 43.21|13195.00|25260.00|48163.00|91879.00| 36.72| 38.89| 41.09| 43.21|13197.00|25262.00|48165.00|91881.00|  DSNR mode  | 0.020 dB|
| 36.68| 38.87| 41.07| 43.21|13195.00|25260.00|48163.00|91879.00| 36.72| 38.89| 41.09| 43.21|13197.00|25262.00|48165.00|91881.00| Percent mode|   -0.58 %|
| 29.53| 33.20| 37.10| 41.32|115372.00|201860.00|320913.00|480330.00| 29.60| 33.29| 37.16| 41.32|115374.00|201862.00|320915.00|480331.00|  DSNR mode  | 0.068 dB|
| 29.53| 33.20| 37.10| 41.32|115372.00|201860.00|320913.00|480330.00| 29.60| 33.29| 37.16| 41.32|115374.00|201862.00|320915.00|480331.00| Percent mode|   -0.81 %|
| 29.53| 33.20| 37.10| 41.32|115372.00|201860.00|320913.00|480330.00| 29.60| 33.29| 37.16| 41.32|115374.00|201862.00|320915.00|480331.00|  DSNR mode  | 0.068 dB|
| 29.53| 33.20| 37.10| 41.32|115372.00|201860.00|320913.00|480330.00| 29.60| 33.29| 37.16| 41.32|115374.00|201862.00|320915.00|480331.00| Percent mode|   -0.81 %|
| 32.63| 36.04| 39.37| 42.73|54123.00|93319.00|149932.00|237712.00| 32.71| 36.11| 39.40| 42.73|54126.00|93321.00|149934.00|237713.00|  DSNR mode  | 0.050 dB|
| 32.63| 36.04| 39.37| 42.73|54123.00|93319.00|149932.00|237712.00| 32.71| 36.11| 39.40| 42.73|54126.00|93321.00|149934.00|237713.00| Percent mode|   -0.72 %|
| 34.18| 36.55| 39.07| 41.95|18196.00|41273.00|84917.00|172297.00| 34.19| 36.57| 39.09| 41.96|18198.00|41275.00|84919.00|172299.00|  DSNR mode  | 0.017 dB|
| 34.18| 36.55| 39.07| 41.95|18196.00|41273.00|84917.00|172297.00| 34.19| 36.57| 39.09| 41.96|18198.00|41275.00|84919.00|172299.00| Percent mode|   -0.50 %|
| 28.53| 32.42| 36.72| 41.32|144082.00|257102.00|409190.00|595364.00| 28.60| 32.50| 36.77| 41.32|144085.00|257104.00|409192.00|595365.00|  DSNR mode  | 0.062 dB|
| 28.53| 32.42| 36.72| 41.32|144082.00|257102.00|409190.00|595364.00| 28.60| 32.50| 36.77| 41.32|144085.00|257104.00|409192.00|595365.00| Percent mode|   -0.67 %|
| 28.79| 32.69| 37.00| 41.49|137295.00|241992.00|382126.00|550597.00| 28.85| 32.75| 37.04| 41.49|137298.00|241994.00|382128.00|550598.00|  DSNR mode  | 0.048 dB|
| 28.79| 32.69| 37.00| 41.49|137295.00|241992.00|382126.00|550597.00| 28.85| 32.75| 37.04| 41.49|137298.00|241994.00|382128.00|550598.00| Percent mode|   -0.52 %|
| 29.47| 33.07| 36.98| 41.32|113631.00|200952.00|326235.00|495665.00| 29.55| 33.17| 37.04| 41.32|113634.00|200954.00|326237.00|495666.00|  DSNR mode  | 0.074 dB|
| 29.47| 33.07| 36.98| 41.32|113631.00|200952.00|326235.00|495665.00| 29.55| 33.17| 37.04| 41.32|113634.00|200954.00|326237.00|495666.00| Percent mode|   -0.90 %|
| 34.59| 37.34| 39.87| 42.34|29901.00|51901.00|87685.00|153886.00| 34.66| 37.40| 39.91| 42.34|29904.00|51903.00|87687.00|153887.00|  DSNR mode  | 0.046 dB|
| 34.59| 37.34| 39.87| 42.34|29901.00|51901.00|87685.00|153886.00| 34.66| 37.40| 39.91| 42.34|29904.00|51903.00|87687.00|153887.00| Percent mode|   -0.96 %|
| 31.13| 34.53| 38.06| 41.76|81053.00|140056.00|227244.00|354941.00| 31.24| 34.64| 38.12| 41.76|81056.00|140058.00|227246.00|354942.00|  DSNR mode  | 0.081 dB|
| 31.13| 34.53| 38.06| 41.76|81053.00|140056.00|227244.00|354941.00| 31.24| 34.64| 38.12| 41.76|81056.00|140058.00|227246.00|354942.00| Percent mode|   -1.11 %|
| 29.42| 32.85| 36.92| 41.33|61740.00|146829.00|278092.00|443975.00| 29.44| 32.89| 36.96| 41.33|61742.00|146831.00|278094.00|443976.00|  DSNR mode  | 0.032 dB|
| 29.42| 32.85| 36.92| 41.33|61740.00|146829.00|278092.00|443975.00| 29.44| 32.89| 36.96| 41.33|61742.00|146831.00|278094.00|443976.00| Percent mode|   -0.54 %|
| 36.68| 38.87| 41.07| 43.21|13195.00|25260.00|48163.00|91879.00| 36.72| 38.89| 41.09| 43.21|13198.00|25262.00|48165.00|91881.00|  DSNR mode  | 0.020 dB|
| 36.68| 38.87| 41.07| 43.21|13195.00|25260.00|48163.00|91879.00| 36.72| 38.89| 41.09| 43.21|13198.00|25262.00|48165.00|91881.00| Percent mode|   -0.58 %|
| 35.22| 38.53| 41.70| 44.63|1465.00|2381.00|3818.00|5939.00| 35.30| 38.60| 41.75| 44.63|1468.00|2383.00|3820.00|5940.00|  DSNR mode  | 0.050 dB|
| 35.22| 38.53| 41.70| 44.63|1465.00|2381.00|3818.00|5939.00| 35.30| 38.60| 41.75| 44.63|1468.00|2383.00|3820.00|5940.00| Percent mode|   -0.75 %|
| 29.53| 33.20| 37.10| 41.32|115372.00|201860.00|320913.00|480330.00| 29.60| 33.29| 37.16| 41.32|115375.00|201862.00|320915.00|480331.00|  DSNR mode  | 0.068 dB|
| 29.53| 33.20| 37.10| 41.32|115372.00|201860.00|320913.00|480330.00| 29.60| 33.29| 37.16| 41.32|115375.00|201862.00|320915.00|480331.00| Percent mode|   -0.81 %|
| 32.63| 36.04| 39.37| 42.73|54123.00|93319.00|149932.00|237712.00| 32.71| 36.11| 39.40| 42.73|54126.00|93321.00|149934.00|237713.00|  DSNR mode  | 0.050 dB|
| 32.63| 36.04| 39.37| 42.73|54123.00|93319.00|149932.00|237712.00| 32.71| 36.11| 39.40| 42.73|54126.00|93321.00|149934.00|237713.00| Percent mode|   -0.72 %|
| 34.18| 36.55| 39.07| 41.95|18196.00|41273.00|84917.00|172297.00| 34.19| 36.57| 39.09| 41.96|18198.00|41275.00|84919.00|172299.00|  DSNR mode  | 0.017 dB|
| 34.18| 36.55| 39.07| 41.95|18196.00|41273.00|84917.00|172297.00| 34.19| 36.57| 39.09| 41.96|18198.00|41275.00|84919.00|172299.00| Percent mode|   -0.50 %|
|115372.00|201860.00|320913.00|480330.00|115375.00|201862.00|320915.00|480331.00|480331.00|480331.00|480331.00|480331.00|480331.00|480331.00|480331.00|480331.00|  DSNR mode  |  -nan dB|
|115372.00|201860.00|320913.00|480330.00|115375.00|201862.00|320915.00|480331.00|480331.00|480331.00|480331.00|480331.00|480331.00|480331.00|480331.00|480331.00| Percent mode|    -nan %|
|115372.00|201860.00|320913.00|480330.00|115375.00|201862.00|320915.00|480331.00|480331.00|480331.00|480331.00|480331.00|480331.00|480331.00|480331.00|480331.00|  DSNR mode  |  -nan dB|
|115372.00|201860.00|320913.00|480330.00|115375.00|201862.00|320915.00|480331.00|480331.00|480331.00|480331.00|480331.00|480331.00|480331.00|480331.00|480331.00| Percent mode|    -nan %|
|1465.00|2381.00|3818.00|5939.00|1468.00|2383.00|3820.00|5940.00|5940.00|5940.00|5940.00|5940.00|5940.00|5940.00|5940.00|5940.00|  DSNR mode  |  -nan dB|
|1465.00|2381.00|3818.00|5939.00|1468.00|2383.00|3820.00|5940.00|5940.00|5940.00|5940.00|5940.00|5940.00|5940.00|5940.00|5940.00| Percent mode|    -nan %|
| 33.20|201860.00| 33.35|201862.00|201862.00|201862.00|201862.00|201862.00|201862.00|201862.00|201862.00|201862.00|201862.00|201862.00|201862.00|201862.00|  DSNR mode  |  -nan dB|
| 33.20|201860.00| 33.35|201862.00|201862.00|201862.00|201862.00|201862.00|201862.00|201862.00|201862.00|201862.00|201862.00|201862.00|201862.00|201862.00| Percent mode|    -nan %|
| 36.04|93319.00| 36.11|93321.00|93321.00|93321.00|93321.00|93321.00|93321.00|93321.00|93321.00|93321.00|93321.00|93321.00|93321.00|93321.00|  DSNR mode  |  -nan dB|
| 36.04|93319.00| 36.11|93321.00|93321.00|93321.00|93321.00|93321.00|93321.00|93321.00|93321.00|93321.00|93321.00|93321.00|93321.00|93321.00| Percent mode|    -nan %|
| 36.55|41273.00| 36.57|41275.00|41275.00|41275.00|41275.00|41275.00|41275.00|41275.00|41275.00|41275.00|41275.00|41275.00|41275.00|41275.00|  DSNR mode  |  -nan dB|
| 36.55|41273.00| 36.57|41275.00|41275.00|41275.00|41275.00|41275.00|41275.00|41275.00|41275.00|41275.00|41275.00|41275.00|41275.00|41275.00| Percent mode|    -nan %|
| 32.42|257102.00| 32.54|257104.00|257104.00|257104.00|257104.00|257104.00|257104.00|257104.00|257104.00|257104.00|257104.00|257104.00|257104.00|257104.00|  DSNR mode  |  -nan dB|
| 32.42|257102.00| 32.54|257104.00|257104.00|257104.00|257104.00|257104.00|257104.00|257104.00|257104.00|257104.00|257104.00|257104.00|257104.00|257104.00| Percent mode|    -nan %|
| 32.69|241992.00| 32.81|241994.00|241994.00|241994.00|241994.00|241994.00|241994.00|241994.00|241994.00|241994.00|241994.00|241994.00|241994.00|241994.00|  DSNR mode  |  -nan dB|
| 32.69|241992.00| 32.81|241994.00|241994.00|241994.00|241994.00|241994.00|241994.00|241994.00|241994.00|241994.00|241994.00|241994.00|241994.00|241994.00| Percent mode|    -nan %|
| 33.07|200952.00| 33.22|200954.00|200954.00|200954.00|200954.00|200954.00|200954.00|200954.00|200954.00|200954.00|200954.00|200954.00|200954.00|200954.00|  DSNR mode  |  -nan dB|
| 33.07|200952.00| 33.22|200954.00|200954.00|200954.00|200954.00|200954.00|200954.00|200954.00|200954.00|200954.00|200954.00|200954.00|200954.00|200954.00| Percent mode|    -nan %|
| 29.53| 33.20| 37.10| 41.32|115372.00|201860.00|320913.00|480330.00| 29.63| 33.35| 37.18| 41.33|115374.00|201862.00|320915.00|480332.00|  DSNR mode  | 0.107 dB|
| 29.53| 33.20| 37.10| 41.32|115372.00|201860.00|320913.00|480330.00| 29.63| 33.35| 37.18| 41.33|115374.00|201862.00|320915.00|480332.00| Percent mode|   -1.24 %|
| 32.63| 36.04| 39.37| 42.73|54123.00|93319.00|149932.00|237712.00| 32.71| 36.11| 39.41| 42.73|54126.00|93321.00|149934.00|237713.00|  DSNR mode  | 0.053 dB|
| 32.63| 36.04| 39.37| 42.73|54123.00|93319.00|149932.00|237712.00| 32.71| 36.11| 39.41| 42.73|54126.00|93321.00|149934.00|237713.00| Percent mode|   -0.77 %|
| 34.18| 36.55| 39.07| 41.95|18196.00|41273.00|84917.00|172297.00| 34.19| 36.57| 39.09| 41.97|18198.00|41275.00|84919.00|172299.00|  DSNR mode  | 0.019 dB|
| 34.18| 36.55| 39.07| 41.95|18196.00|41273.00|84917.00|172297.00| 34.19| 36.57| 39.09| 41.97|18198.00|41275.00|84919.00|172299.00| Percent mode|   -0.53 %|
| 28.53| 32.42| 36.72| 41.32|144082.00|257102.00|409190.00|595364.00| 28.63| 32.54| 36.78| 41.32|144085.00|257104.00|409192.00|595365.00|  DSNR mode  | 0.088 dB|
| 28.53| 32.42| 36.72| 41.32|144082.00|257102.00|409190.00|595364.00| 28.63| 32.54| 36.78| 41.32|144085.00|257104.00|409192.00|595365.00| Percent mode|   -0.94 %|
| 28.79| 32.69| 37.00| 41.49|137295.00|241992.00|382126.00|550597.00| 28.89| 32.81| 37.06| 41.49|137298.00|241994.00|382128.00|550598.00|  DSNR mode  | 0.088 dB|
| 28.79| 32.69| 37.00| 41.49|137295.00|241992.00|382126.00|550597.00| 28.89| 32.81| 37.06| 41.49|137298.00|241994.00|382128.00|550598.00| Percent mode|   -0.93 %|
| 29.47| 33.07| 36.98| 41.32|113631.00|200952.00|326235.00|495665.00| 29.58| 33.22| 37.08| 41.33|113634.00|200954.00|326237.00|495667.00|  DSNR mode  | 0.114 dB|
| 29.47| 33.07| 36.98| 41.32|113631.00|200952.00|326235.00|495665.00| 29.58| 33.22| 37.08| 41.33|113634.00|200954.00|326237.00|495667.00| Percent mode|   -1.38 %|
| 34.59| 37.34| 39.87| 42.34|29901.00|51901.00|87685.00|153886.00| 34.66| 37.42| 39.91| 42.34|29904.00|51903.00|87687.00|153887.00|  DSNR mode  | 0.053 dB|
| 34.59| 37.34| 39.87| 42.34|29901.00|51901.00|87685.00|153886.00| 34.66| 37.42| 39.91| 42.34|29904.00|51903.00|87687.00|153887.00| Percent mode|   -1.13 %|
| 31.13| 34.53| 38.06| 41.76|81053.00|140056.00|227244.00|354941.00| 31.27| 34.68| 38.15| 41.76|81056.00|140058.00|227246.00|354942.00|  DSNR mode  | 0.112 dB|
| 31.13| 34.53| 38.06| 41.76|81053.00|140056.00|227244.00|354941.00| 31.27| 34.68| 38.15| 41.76|81056.00|140058.00|227246.00|354942.00| Percent mode|   -1.53 %|
| 29.42| 32.85| 36.92| 41.33|61740.00|146829.00|278092.00|443975.00| 29.45| 32.91| 36.96| 41.33|61742.00|146831.00|278094.00|443976.00|  DSNR mode  | 0.044 dB|
| 29.42| 32.85| 36.92| 41.33|61740.00|146829.00|278092.00|443975.00| 29.45| 32.91| 36.96| 41.33|61742.00|146831.00|278094.00|443976.00| Percent mode|   -0.70 %|
